(.venv) PS C:\Github_Repo\Computational_Thinking_and_Problem_Solving\ex3> & c:/Github_Repo/Computational_Thinking_and_Problem_Solving/ex3/.venv/Scripts/python.exe c:/Github_Repo/Computational_Thinking_and_Problem_Solving/ex3/main.py
values = [8, 8, 1, 18, 14, 4, 16, 1]
weights = [3, 2, 7, 19, 3, 10, 1, 14]
---------------------------------------------------
[[ 0  0  0  0  0  0  0  0  0  0  0  0  0  0  0  0  0  0  0  0  0]
 [ 0  0  0  8  8  8  8  8  8  8  8  8  8  8  8  8  8  8  8  8  8]
 [ 0  0  8  8  8 16 16 16 16 16 16 16 16 16 16 16 16 16 16 16 16]
 [ 0  0  8  8  8 16 16 16 16 16 16 16 17 17 17 17 17 17 17 17 17]
 [ 0  0  8  8  8 16 16 16 16 16 16 16 17 17 17 17 17 17 17 18 18]
 [ 0  0  8 14 14 22 22 22 30 30 30 30 30 30 30 31 31 31 31 31 31]
 [ 0  0  8 14 14 22 22 22 30 30 30 30 30 30 30 31 31 31 34 34 34]
 [ 0 16 16 24 30 30 38 38 38 46 46 46 46 46 46 46 47 47 47 50 50]
 [ 0 16 16 24 30 30 38 38 38 46 46 46 46 46 46 46 47 47 47 50 50]]
items {1, 2, 5, 6, 7} selected.
Total value selected = 50
Execution time of non recursive version is: 0.002001523971557617
---------------------------------------------------
[[ 0  0  0  0  0  0  0  0  0  0  0  0  0  0  0  0  0  0  0  0  0]
 [ 0  0  0  8  8  8  8  8  8  8  8  8  8  8  8  8  8  8  8  8  8]
 [ 0  0  8  8 -1 16 16 16 -1 16 16 -1 16 16 -1 -1 16 16 -1 16 16]
 [ 0  0  8  8 -1 16 16 16 -1 16 16 -1 -1 -1 -1 -1 17 17 -1 17 17]
 [-1 -1  8  8 -1 16 16 16 -1 16 16 -1 -1 -1 -1 -1 17 17 -1 18 18]
 [-1 -1 -1 -1 -1 22 22 -1 -1 30 30 -1 -1 -1 -1 -1 -1 -1 -1 31 31]
 [-1 -1 -1 -1 -1 22 22 -1 -1 -1 -1 -1 -1 -1 -1 -1 -1 -1 -1 34 34]
 [-1 -1 -1 -1 -1 -1 38 -1 -1 -1 -1 -1 -1 -1 -1 -1 -1 -1 -1 -1 50]
 [-1 -1 -1 -1 -1 -1 -1 -1 -1 -1 -1 -1 -1 -1 -1 -1 -1 -1 -1 -1 50]]
items {1, 2, 5, 6, 7} selected.
Total value selected = 50
Execution time of recursive version is: 0.0010001659393310547